/ Kap. 2 Grundlagen des BGB
# 07.05.2023 08:00
1, 1, 1, 0, 0, 0, 0, 0, 0, 0, 0, 0, 0, 0, 0, 0, 0
# 07.05.2023 09:00
1, 1, 1, 1, 0, 1, 0, 1, 1, 1, 1, 1, 0, 0, 0, 1, 0
# 08.05.2023 06:00
1, 1, 1, 1, 1, 0, 1, 0, 0, 1, 1, 0, 0, 0, 0, 1, 1
# 08.05.2023 19:00
1, 1, 1, 1, 0, 1, 1, 1, 0, 1, 1, 1, 1, 1, 0, 1, 0
# 09.05.2023 06:00
1, 1, 1, 1, 1, 1, 1, 1, 1, 1, 1, 1, 1, 1, 0, 1, 0
# 10.05.2023 18:00
1, 1, 1, 1, 1, 0, 1, 1, 0, 1, 1, 1, 0, 1, 0, 1, 1
# 11.05.2023 06:00
1, 1, 1, 1, 1, 0, 1, 1, 1, 1, 1, - , 1, 1, 0, 1,  1
# 13.05.2023 15:00
- , - , - , 1, 1, 1, 1, 1, 1, 1, 1, 1, 1, 1, 1, 1, 1
# 16.05.2023 19:00
1, 1, 1, 1, 1, 1, 1, 1, 1, 1, 1, 1, 1, 1, 1, 1, 1
# 19.05.2023 06:00
1, 1, 1, 1, 1, 1, 1, 1, 1, 1, 1, 1, 1, 1, 1, 1, 1
# 22.05.2023 05:00
1, 1, 1, 1, 1, 1, 1, 1, 1, 1, 1, 1, 1, 1, 1, 1, 1
# 28.05.2023 06:00
1, 1, 1, 1, 1, 1, 1, 1, 1, 1, 1, 1, 1, 1, 1, 1, 1
# 04.06.2023
1, 1, 1, 1, 1, 1, 1, 1, 1, 1, 1, 1, 1, 1, 1, 1, 1
# 23.06.2023 06:00
1, 1, 1, 1, 1, 1, 1, 1, 1, 1, 1, 1, 1, 1, 1, 0, 1
# 09.07.2023 16:00
1, 1, 1, 1, 1, 1, 1, 1, 1, 1, 1, 1, 1, 1, 1, 1, 1
#
/ Kap. 3 Handels und Gesellschaftsrecht
# 20.05.2023 16:00
1, 1, 0, 0, 0, 0, 1, 1, - , - , - , - , - , - , - , - , - , - , - , - , - , - 
# 20.05.2023 16:00
1, 1, 1, 1, 1, 1, 1, 1, - , - , - , - , - , - , - , - , - , - , - , - , - , - 
# 20.05.2023 16:00
- , - , - , - , - , - , - , - , 1, 1, 1, 1, 1, 1, 1, - , - , - , - , - , - , - 
# 20.05.2023 16:00
1, 1, 1, 1, 1, 1, 1, 1, 1, 1, 1, 1, 1, 1, 1, - , - , - , - , - , - , - 
# 20.05.2023 16:00
- , - , - , - , - , - , - , - , - , - , - , - , - , - , -, 1, 0, 0, 1, 1, 1, 1
# 21.05.2023 18:00
1, 1, 1, 0, 1, 1, 1, 1, 1, 1, 1, 1, 1, 1, 1, 1, 1, 1, 0, 1, 0, 1
# 23.05.2023 06:00
1, 1, 1, 1, 1, 1, 1, 1, 1, 1, 1, 1, 1, 1, 1, 1, 1, 1, 1, 1,  0, 1
# 25.05.2023 06:00
1, 1, 0, 1, 1, 1, 1, 1, 1, 1, 1, 1, 1, 1, 0, 1, 0, 1, 1, 1, 0, 1
# 28.05.2023 06:00
1, 1, 0, 1, 1, 1, 1, 1, 1, 1, 1, 1, 1, 1, 0, 1, 0, 1, 1, 1, 0, 1
# 04.06.2023
1, 1, 1, 1, 1, 1, 1, 1, 1, 1, 1, 1, 1, 1, 1, 1, 1, 0, 1, 1, 0, 1
# 23.06.2023 06:00
1, 1, 1, 1, 1, 1, 1, 1, 1, 1, 1, 0, 1, 1, 1, 1, 1, 1, 1, 1, 1, 1
# 09.07.2023 16:00
1, 1, 1, 1, 1, 1, 1, 1, 1, 1, 1, 0, 1, 1, 1, 1, 1, 0, 1, 1, 1, 1
#
/ Kap. 5 - Steuerrecht
# 22.05.2023
1, 1, 1, 1, 1
# 23.05.2023
1, 1, 1, 1, 1
# 28.05.2023 06:00
1, 1, 1, 1, 1
# 04.06.2023
1, 1, 1, 1, 1
# 23.06.2023 06:00
1, 1, 1, 1, 1
# 09.07.2023 16:00
1, 1, 1, 1, 1
#
/ Kap. 6 Arbeits- und Tarifrecht
# 26.05.2023 18:00
1, 1, 1, 1, 0, 1, 1, 1, - , - , - , - 
# 26.05.2023 19:00
1, 0, 1, - , 1, 1, - , 1, 1, 1, 0, 1
# 28.05.2023 06:00
1, 1, 1, 1, 1, 0, 1, 1, 1, 1, 0, 1
# 04.06.2023
1, 0, 1, 1, 1, 1, 0, 0, 1, 1, 1, 1
# 23.06.2023 06:00
1, 1, 1, 1, 1, 1, 1, 1, 1, 0, 1, 1
# 09.07.2023 16:00
1, 1, 1, 1, 1, 1, 1, 0, 0, 0, 1, 1
#
/ X 1
# 13.07.2023 06:00
1, 1, 1, 1, 1
# 15.07.2023 06:00
1, 1, 1, 1, 1
# 18.07.2023 06:00
1, 1, 0, 0, 1
# 21.07.2023 06:00
1, 1, 1, 1, 1
#
/ X 2
# 14.07.2023 06:00
0, 0, 1
# 15.07.2023 06:00
1, 1, 1
# 18.07.2023 06:00
1, 1, 1
# 20.07.2023 06:00
1, 1, 1
#
